00008021
00000000
00000000
00000000
00000000
3411002d
00000000
00000000
00000000
00000000
34120000
00000000
00000000
00000000
00000000
34130004
00000000
00000000
00000000
00000000
34140001
00000000
00000000
00000000
00000000
34080000
00000000
00000000
00000000
00000000
34090001
00000000
00000000
00000000
00000000
12110027
00000000
00000000
00000000
00000000
01285021
00000000
00000000
00000000
00000000
ae4a0000
00000000
00000000
00000000
00000000
02539021
00000000
00000000
00000000
00000000
02148021
00000000
00000000
00000000
00000000
01204023
00000000
00000000
00000000
00000000
01404821
00000000
00000000
00000000
00000000
0c000c23
00000000
00000000
00000000
00000000
8e4fffec
00000000
00000000
00000000
00000000
